0.01486	0.03	0.9411	0.9398	15.00	1.44	16.67	16.67
0.01563	0.05	0.9385	0.9402	15.01	2.23	17.52	17.52
0.01507	0.07	0.9079	0.9059	15.51	2.22	18.02	18.02
0.01556	0.07	0.8823	0.8638	14.86	2.68	17.78	17.78
0.01549	0.09	0.8657	0.8616	15.23	2.74	18.21	18.21
0.01757	0.11	0.8356	0.8210	14.52	3.10	17.86	17.86
0.01862	0.20	0.5420	0.5392	14.51	7.14	21.95	21.95
0.02154	0.29	0.4227	0.4261	15.40	9.04	24.73	24.73
0.01542	1.00	0.1466	0.1450	14.62	25.26	40.22	40.22

0.01563	0.05	0.9385	0.9402	15.31	2.03	17.58	17.58	0.0004	2.0
0.01556	0.07	0.8823	0.8638	14.88	2.92	18.07	18.07	0.0003	2.0
0.01757	0.11	0.8356	0.8210	15.05	3.36	18.71	18.71	0.0002	2.0
0.01862	0.20	0.5420	0.5392	14.89	6.73	21.93	21.93	0.00016	2.0
0.01549	0.09	0.8657	0.8616	14.53	2.80	17.57	17.57	0.00025	2.0
0.01636	0.06	0.4291	0.4325	15.19	2.71	18.16	18.16	0.0004	2.0	100	-1
0.01636	0.06	0.4291	0.4325	14.83	2.71	17.79	17.79	0.0004	2.0	100	-1
0.01636	0.06	0.4291	0.4325	14.89	2.78	17.92	17.92	0.0004	2.0	100	-1
0.01530	0.03	0.6707	0.6420	15.32	1.79	17.41	17.41	0.0004	2.0	100	-1
0.01725	1.00	0.1466	0.1450	0.00	0.70	1.02	1.02	0.0004	1.0	100	-1
0.01725	1.00	0.1466	0.1450	0.00	0.69	1.03	1.03	0.0004	1.0	100	-1
0.02034	1.00	0.1466	0.1450	0.00	0.70	1.04	1.04	0.0004	2.0	100	-1
0.01408	0.05	0.8516	0.8612	0.53	0.09	0.93	0.93	0.0004	1.0	100	-1
0.01526	0.03	0.9049	0.9090	0.54	0.08	0.88	0.88	0.0004	2.0	100	-1
0.01397	1.00	0.1466	0.1450	0.00	0.71	1.03	1.03	8.5e-05	2.0	100	-1
0.02823	1.00	0.1466	0.1450	0.00	0.71	1.03	1.03	8.5e-05	1.0	100	-1
0.01397	1.00	0.1466	0.1450	0.00	0.70	1.02	1.02	8.5e-05	2.0	100	-1
0.02823	1.00	0.1466	0.1450	0.00	0.70	1.04	1.04	8.5e-05	1.0	100	-1
0.01270	1.00	0.1466	0.1450	0.00	0.69	1.02	1.02	9.5e-05	2.0	100	-1
0.01464	1.00	0.1466	0.1450	0.00	0.70	1.03	1.03	9.5e-05	1.0	100	-1
0.01206	1.00	0.1466	0.1450	0.00	0.70	1.04	1.04	0.0001	2.0	100	-1
0.02903	1.00	0.1466	0.1450	0.00	0.69	1.01	1.01	0.0001	1.0	100	-1
0.01657	1.00	0.1466	0.1450	0.00	0.72	1.16	1.16	0.000105	2.0	100	-1
0.01453	1.00	0.1466	0.1450	0.00	0.68	1.02	1.02	0.000105	1.0	100	-1
0.01767	1.00	0.1466	0.1450	0.00	0.70	1.02	1.02	0.00011	2.0	100	-1
0.01455	1.00	0.1466	0.1450	0.00	0.69	1.02	1.02	0.00011	1.0	100	-1
0.01658	1.00	0.1466	0.1450	0.00	0.70	1.03	1.03	0.000115	2.0	100	-1
0.01530	1.00	0.1466	0.1450	0.00	0.72	1.10	1.10	0.000115	1.0	100	-1
0.01974	1.00	0.1466	0.1450	0.00	0.70	1.04	1.04	0.00012	2.0	100	-1
0.02858	1.00	0.1466	0.1450	0.00	0.70	1.04	1.04	0.00012	1.0	100	-1
0.03293	1.00	0.1466	0.1450	0.00	0.73	1.11	1.11	0.00016	2.0	100	-1
0.01397	1.00	0.1466	0.1450	0.00	0.72	1.06	1.06	8.5e-05	2.0	100	-1
0.02823	1.00	0.1466	0.1450	0.00	0.68	1.09	1.09	8.5e-05	1.0	100	-1
0.01270	1.00	0.1466	0.1450	0.00	0.70	1.02	1.02	9.5e-05	2.0	100	-1
0.01464	1.00	0.1466	0.1450	0.00	0.72	1.11	1.11	9.5e-05	1.0	100	-1
0.01206	1.00	0.1466	0.1450	0.00	0.72	1.10	1.10	0.0001	2.0	100	-1
0.02903	1.00	0.1466	0.1450	0.00	0.72	1.04	1.04	0.0001	1.0	100	-1
0.01657	1.00	0.1466	0.1450	0.00	0.70	1.03	1.03	0.000105	2.0	100	-1
0.01453	1.00	0.1466	0.1450	0.00	0.73	1.09	1.09	0.000105	1.0	100	-1
0.01767	1.00	0.1466	0.1450	0.00	0.69	1.02	1.02	0.00011	2.0	100	-1
0.01455	1.00	0.1466	0.1450	0.00	0.70	1.04	1.04	0.00011	1.0	100	-1
0.01658	1.00	0.1466	0.1450	0.00	0.70	1.03	1.03	0.000115	2.0	100	-1
0.01530	1.00	0.1466	0.1450	0.00	0.69	1.01	1.01	0.000115	1.0	100	-1
0.01974	1.00	0.1466	0.1450	0.00	0.71	1.04	1.04	0.00012	2.0	100	-1
0.02858	1.00	0.1466	0.1450	0.00	0.73	1.11	1.11	0.00012	1.0	100	-1
0.03293	1.00	0.1466	0.1450	0.00	0.72	1.10	1.10	0.00016	2.0	100	-1
0.02681	1.00	0.1466	0.1450	0.00	0.70	1.02	1.02	0.00016	1.0	100	-1
0.03211	1.00	0.1466	0.1450	0.00	0.73	1.12	1.12	0.0002	2.0	100	-1
0.01705	1.00	0.1466	0.1450	0.00	0.71	1.08	1.08	0.0002	1.0	100	-1
0.01796	1.00	0.1466	0.1450	0.00	0.70	1.02	1.02	0.00025	2.0	100	-1
0.02564	1.00	0.1466	0.1450	0.00	0.70	1.03	1.03	0.00025	1.0	100	-1
0.02071	1.00	0.1466	0.1450	0.00	0.70	1.08	1.08	0.0003	2.0	100	-1
0.01998	1.00	0.1466	0.1450	0.00	0.70	1.02	1.02	0.0003	1.0	100	-1
0.01661	1.00	0.1466	0.1450	0.00	0.69	1.10	1.10	0.00035	2.0	100	-1
0.01939	1.00	0.1466	0.1450	0.00	0.71	1.11	1.11	0.00035	1.0	100	-1
0.02034	1.00	0.1466	0.1450	0.00	0.70	1.02	1.02	0.0004	2.0	100	-1
0.01725	1.00	0.1466	0.1450	0.00	0.70	1.03	1.03	0.0004	1.0	100	-1
0.01408	1.00	0.1466	0.1450	0.00	1.67	1.99	1.99	8.5e-05	2.0	100	-1
0.01619	1.00	0.1466	0.1450	0.00	1.66	1.99	1.99	8.5e-05	1.0	100	-1
0.01670	1.00	0.1466	0.1450	0.00	1.67	2.00	2.00	9.5e-05	2.0	100	-1
0.01265	1.00	0.1466	0.1450	0.00	1.68	1.99	1.99	9.5e-05	1.0	100	-1
0.02147	1.00	0.1466	0.1450	0.00	1.66	1.97	1.97	0.0001	2.0	100	-1
0.01411	1.00	0.1466	0.1450	0.00	1.69	2.04	2.04	0.0001	1.0	100	-1
0.01654	1.00	0.1466	0.1450	0.00	1.66	1.99	1.99	0.000105	2.0	100	-1
0.01272	1.00	0.1466	0.1450	0.00	1.68	2.00	2.00	0.000105	1.0	100	-1
0.01655	1.00	0.1466	0.1450	0.00	0.67	1.04	1.04	0.000115	1.0	100	-1
0.01552	1.00	0.1466	0.1450	0.00	0.71	1.03	1.03	0.00012	2.0	100	-1
0.01507	1.00	0.1466	0.1450	0.00	0.71	1.12	1.12	0.00012	1.0	100	-1
0.01558	1.00	0.1466	0.1450	0.00	0.67	1.00	1.00	0.00016	2.0	100	-1
0.01618	1.00	0.1466	0.1450	0.00	0.68	1.03	1.03	0.00016	1.0	100	-1
0.01461	1.00	0.1466	0.1450	0.00	0.70	1.02	1.02	0.0002	2.0	100	-1
0.01584	1.00	0.1466	0.1450	0.00	0.67	1.01	1.01	0.0002	1.0	100	-1
0.01396	1.00	0.1466	0.1450	0.00	0.72	1.08	1.08	0.00025	2.0	100	-1
0.02342	1.00	0.1466	0.1450	0.00	0.71	1.04	1.04	0.00025	1.0	100	-1
0.01781	1.00	0.1466	0.1450	0.00	0.70	1.02	1.02	0.0003	2.0	100	-1
0.02078	1.00	0.1466	0.1450	0.00	0.68	1.00	1.00	0.0003	1.0	100	-1
0.02588	1.00	0.1466	0.1450	0.00	0.70	1.10	1.10	0.00035	2.0	100	-1
0.03532	1.00	0.1466	0.1450	0.00	0.70	1.03	1.03	0.00035	1.0	100	-1
0.02147	1.00	0.1466	0.1450	0.00	0.71	1.11	1.11	0.0004	2.0	100	-1
0.02408	1.00	0.1466	0.1450	0.00	0.68	1.01	1.01	0.0004	1.0	100	-1
0.01125	1.00	0.1466	0.1450	0.10	0.70	1.13	1.13	8.5e-05	2.0	100	-1
0.01350	0.20	0.2486	0.2506	0.02	0.20	0.49	0.49	8.5e-05	2.0	100	-1
0.01369	1.00	0.1466	0.1451	0.50	0.70	1.56	1.56	8.5e-05	1.0	100	-1
0.01333	0.56	0.1657	0.1645	0.10	0.42	0.82	0.82	8.5e-05	1.0	100	-1
0.01262	0.64	0.1629	0.1622	0.02	0.48	0.81	0.81	8.5e-05	1.0	100	-1
0.02079	0.10	0.1420	0.1451	0.52	0.11	0.89	0.89	8.5e-05	1.0	100	-1
0.01345	0.68	0.1552	0.1536	0.10	0.50	0.92	0.92	8.5e-05	1.0	100	-1
0.01394	0.47	0.1511	0.1499	0.02	0.36	0.67	0.67	8.5e-05	1.0	100	-1
0.01652	0.28	0.3805	0.3839	0.51	0.28	1.13	1.13	0.0001	2.0	100	-1
0.01266	1.00	0.1466	0.1450	0.10	0.67	1.10	1.10	0.0001	2.0	100	-1
0.01394	0.16	0.3010	0.3041	0.02	0.18	0.47	0.47	0.0001	2.0	100	-1
0.01345	0.44	0.1502	0.1491	0.02	0.34	0.65	0.65	0.0001	2.0	100	-1
0.01274	0.60	0.1927	0.1912	0.51	0.43	1.24	1.24	0.0001	1.0	100	-1
0.01220	1.00	0.1466	0.1451	0.10	0.69	1.13	1.13	0.0001	1.0	100	-1
0.01534	0.23	0.2442	0.2465	0.02	0.22	0.52	0.52	0.0001	1.0	100	-1
0.01443	0.46	0.1524	0.1513	0.02	0.37	0.69	0.69	0.0001	1.0	100	-1
0.01368	1.00	0.1466	0.1450	0.10	0.68	1.12	1.12	0.000105	2.0	100	-1
0.01469	0.15	0.3122	0.3129	0.02	0.17	0.47	0.47	0.000105	2.0	100	-1
0.01381	0.42	0.1509	0.1500	0.02	0.33	0.64	0.64	0.000105	2.0	100	-1
0.01082	1.00	0.1466	0.1450	0.10	0.69	1.13	1.13	0.000105	1.0	100	-1
0.01498	0.24	0.2256	0.2274	0.02	0.22	0.52	0.52	0.000105	1.0	100	-1
0.01722	0.57	0.1621	0.1615	0.02	0.42	0.75	0.75	0.000105	1.0	100	-1
0.01508	1.00	0.1466	0.1450	0.10	0.69	1.13	1.13	0.00011	2.0	100	-1
0.01420	0.14	0.3272	0.3284	0.02	0.16	0.44	0.44	0.00011	2.0	100	-1
0.01494	0.40	0.1533	0.1525	0.02	0.32	0.62	0.62	0.00011	2.0	100	-1
0.01328	1.00	0.1466	0.1450	0.10	0.73	1.20	1.20	0.00011	1.0	100	-1
0.01560	0.25	0.2398	0.2417	0.02	0.23	0.54	0.54	0.00011	1.0	100	-1
0.01429	0.45	0.1533	0.1525	0.02	0.36	0.67	0.67	0.00011	1.0	100	-1
0.01601	1.00	0.1466	0.1450	0.10	0.68	1.11	1.11	0.000115	2.0	100	-1
0.01333	0.15	0.2888	0.2897	0.02	0.17	0.46	0.46	0.000115	2.0	100	-1
0.01480	0.39	0.1549	0.1542	0.02	0.32	0.63	0.63	0.000115	2.0	100	-1
0.01338	0.25	0.2176	0.2223	0.51	0.21	0.99	0.99	0.000115	1.0	100	-1
0.01216	1.00	0.1466	0.1450	0.10	0.69	1.20	1.20	0.000115	1.0	100	-1
0.01564	0.22	0.2597	0.2610	0.02	0.22	0.52	0.52	0.000115	1.0	100	-1
0.01383	0.43	0.1509	0.1498	0.02	0.33	0.64	0.64	0.000115	1.0	100	-1
0.01609	1.00	0.1468	0.1452	0.49	0.64	1.48	1.48	0.00012	2.0	100	-1
0.01627	1.00	0.1466	0.1450	0.09	0.67	1.09	1.09	0.00012	2.0	100	-1
0.01452	0.13	0.3288	0.3312	0.02	0.15	0.44	0.44	0.00012	2.0	100	-1
0.01414	0.40	0.1512	0.1504	0.02	0.33	0.63	0.63	0.00012	2.0	100	-1
0.01312	0.86	0.1528	0.1499	0.50	0.58	1.40	1.40	0.00012	1.0	100	-1
0.01189	1.00	0.1466	0.1450	0.09	0.66	1.08	1.08	0.00012	1.0	100	-1
0.01326	0.24	0.2336	0.2351	0.02	0.23	0.53	0.53	0.00012	1.0	100	-1
0.01466	0.43	0.1517	0.1508	0.02	0.35	0.65	0.65	0.00012	1.0	100	-1
0.01548	1.00	0.1466	0.1450	0.48	0.65	1.49	1.49	0.00016	2.0	100	-1
0.01599	1.00	0.1466	0.1450	0.10	0.69	1.12	1.12	0.00016	2.0	100	-1
0.01426	0.09	0.3725	0.3704	0.02	0.14	0.43	0.43	0.00016	2.0	100	-1
0.01480	0.30	0.1555	0.1544	0.02	0.26	0.56	0.56	0.00016	2.0	100	-1
0.01294	1.00	0.1466	0.1450	0.10	0.68	1.12	1.12	0.00016	1.0	100	-1
0.01417	0.16	0.2995	0.3002	0.02	0.18	0.48	0.48	0.00016	1.0	100	-1
0.01449	0.36	0.1531	0.1523	0.02	0.30	0.60	0.60	0.00016	1.0	100	-1
0.01625	1.00	0.1466	0.1450	0.10	0.68	1.11	1.11	0.0002	2.0	100	-1
0.01489	0.05	0.3524	0.3530	0.02	0.11	0.40	0.40	0.0002	2.0	100	-1
0.01821	0.08	0.1978	0.2029	0.02	0.11	0.39	0.39	0.0002	2.0	100	-1
0.01342	1.00	0.1466	0.1450	0.50	0.65	1.48	1.48	0.0002	1.0	100	-1
0.01773	0.09	0.3997	0.3974	0.11	0.13	0.51	0.51	0.0002	1.0	100	-1
0.01588	0.12	0.3451	0.3450	0.02	0.15	0.43	0.43	0.0002	1.0	100	-1
0.01506	0.31	0.1543	0.1532	0.02	0.27	0.58	0.58	0.0002	1.0	100	-1
0.01560	1.00	0.1466	0.1450	0.10	0.71	1.20	1.20	0.00025	2.0	100	-1
0.01660	0.03	0.3589	0.3649	0.02	0.09	0.38	0.38	0.00025	2.0	100	-1
0.01795	0.05	0.2028	0.2108	0.02	0.09	0.38	0.38	0.00025	2.0	100	-1
0.01292	1.00	0.1472	0.1457	0.49	0.64	1.47	1.47	0.00025	1.0	100	-1
0.01500	1.00	0.1466	0.1450	0.10	0.68	1.19	1.19	0.00025	1.0	100	-1
0.01444	0.09	0.3870	0.3814	0.02	0.13	0.41	0.41	0.00025	1.0	100	-1
0.01842	0.10	0.2406	0.2456	0.02	0.13	0.41	0.41	0.00025	1.0	100	-1
0.01621	0.03	0.3842	0.3916	0.02	0.09	0.37	0.37	0.0003	2.0	100	-1
0.01704	0.03	0.4192	0.4154	0.11	0.08	0.46	0.46	0.0003	2.0	100	-1
0.01737	0.04	0.2652	0.2736	0.02	0.09	0.38	0.38	0.0003	2.0	100	-1
0.01460	1.00	0.1466	0.1450	0.09	0.68	1.11	1.11	0.0003	1.0	100	-1
0.01624	0.06	0.3649	0.3623	0.02	0.11	0.40	0.40	0.0003	1.0	100	-1
0.01759	0.08	0.3657	0.3619	0.11	0.12	0.49	0.49	0.0003	1.0	100	-1
0.01743	0.08	0.2035	0.2084	0.02	0.11	0.39	0.39	0.0003	1.0	100	-1
0.01558	1.00	0.1466	0.1450	0.09	0.66	1.09	1.09	0.00035	2.0	100	-1
0.01611	0.02	0.3751	0.3805	0.02	0.08	0.36	0.36	0.00035	2.0	100	-1
0.01670	0.03	0.2727	0.2808	0.02	0.08	0.36	0.36	0.00035	2.0	100	-1
0.01648	0.02	0.7614	0.7705	0.51	0.06	0.82	0.82	0.00035	1.0	100	-1
0.01573	1.00	0.1466	0.1450	0.10	0.69	1.12	1.12	0.00035	1.0	100	-1
0.01589	0.05	0.3610	0.3686	0.02	0.09	0.37	0.37	0.00035	1.0	100	-1
0.01700	0.04	0.3864	0.3926	0.11	0.09	0.46	0.46	0.00035	1.0	100	-1
0.01690	0.06	0.2392	0.2453	0.02	0.10	0.40	0.40	0.00035	1.0	100	-1
0.01665	1.00	0.1466	0.1450	0.50	0.65	1.49	1.49	0.0004	2.0	100	-1
0.01476	1.00	0.1466	0.1450	0.10	0.66	1.09	1.09	0.0004	2.0	100	-1
0.01699	0.02	0.3933	0.3933	0.02	0.08	0.36	0.36	0.0004	2.0	100	-1
0.01701	0.02	0.4313	0.4276	0.11	0.08	0.45	0.45	0.0004	2.0	100	-1
0.01776	0.03	0.2821	0.2881	0.02	0.07	0.34	0.34	0.0004	2.0	100	-1
0.01348	0.03	0.6663	0.6434	0.49	0.08	0.83	0.83	0.0004	1.0	100	-1
0.01504	1.00	0.1466	0.1450	0.10	0.68	1.13	1.13	0.0004	1.0	100	-1
0.01834	0.03	0.4138	0.4106	0.11	0.09	0.46	0.46	0.0004	1.0	100	-1
0.01679	0.05	0.2469	0.2533	0.02	0.10	0.38	0.38	0.0004	1.0	100	-1
0.01369	1.00	0.1466	0.1450	0.00	0.69	1.02	1.02	8.5e-05	1.0	100	-1
0.01562	1.00	0.1466	0.1450	0.00	0.70	1.02	1.02	8.5e-05	2.0	100	-1
0.01055	1.00	0.1466	0.1450	0.00	0.69	1.01	1.01	0.0003	1.0	100	-1
