0.02893	0.30	0.1487	0.1482	1.19	0.59	2.04	2.04	8.5e-05	1.0	100	0
0.01304	0.40	0.2582	0.2567	1.23	0.85	2.36	2.36	8.5e-05	1.0	100	5
0.01373	0.58	0.2115	0.2135	1.22	1.09	2.60	2.61	8.5e-05	1.0	100	10
0.01474	0.29	0.3690	0.3588	1.24	0.72	2.22	2.22	8.5e-05	1.0	100	15
0.01613	0.33	0.3502	0.3459	1.24	0.77	2.28	2.28	8.5e-05	1.0	100	20
0.01342	0.68	0.2029	0.2051	1.21	1.30	2.83	2.83	8.5e-05	2.0	100	0
0.01398	0.98	0.1487	0.1478	1.22	1.83	3.38	3.38	8.5e-05	2.0	100	5
0.01503	0.52	0.2521	0.2517	1.22	1.07	2.57	2.57	8.5e-05	2.0	100	10
0.01616	0.52	0.2537	0.2529	1.23	1.04	2.56	2.56	8.5e-05	2.0	100	15
0.01681	0.56	0.2418	0.2436	1.22	1.09	2.60	2.60	8.5e-05	2.0	100	20
0.01826	0.59	0.2332	0.2356	1.21	1.11	2.61	2.61	8.5e-05	2.0	100	25
0.01311	0.42	0.2253	0.2266	1.20	0.86	2.38	2.38	9.5e-05	1.0	100	0
0.01422	0.41	0.2745	0.2750	1.23	0.86	2.41	2.41	9.5e-05	1.0	100	5
0.01533	0.44	0.2611	0.2618	1.22	0.91	2.42	2.42	9.5e-05	1.0	100	10
0.01356	0.72	0.1934	0.1946	1.22	1.34	2.86	2.86	9.5e-05	1.0	100	15
0.01405	0.99	0.1479	0.1467	1.19	1.81	3.32	3.32	9.5e-05	1.0	100	20
0.01327	0.28	0.2845	0.2850	1.23	0.68	2.17	2.17	9.5e-05	2.0	100	0
0.01568	0.40	0.2833	0.2825	1.22	0.85	2.36	2.36	9.5e-05	2.0	100	5
0.01789	0.38	0.3224	0.3193	1.23	0.84	2.34	2.34	9.5e-05	2.0	100	10
0.01992	0.36	0.3407	0.3375	1.23	0.82	2.33	2.33	9.5e-05	2.0	100	15
0.02034	0.87	0.1660	0.1667	1.21	1.58	3.12	3.12	9.5e-05	2.0	100	20
0.01314	0.36	0.2082	0.2109	1.24	0.74	2.25	2.25	0.0001	1.0	100	0
0.01278	0.46	0.2623	0.2621	1.21	0.92	2.42	2.42	0.0001	1.0	100	5
0.01487	0.30	0.3528	0.3405	1.23	0.75	2.26	2.26	0.0001	1.0	100	10
0.01676	0.38	0.3121	0.3042	1.23	0.86	2.37	2.37	0.0001	1.0	100	15
0.01738	0.62	0.2149	0.2169	1.22	1.18	2.74	2.74	0.0001	1.0	100	20
0.01815	0.22	0.4337	0.4228	1.24	0.63	2.15	2.15	0.0001	1.0	100	25
0.01854	0.48	0.2680	0.2691	1.21	0.97	2.45	2.45	0.0001	1.0	100	30
0.01615	0.39	0.3287	0.3349	1.22	0.85	2.34	2.34	0.0001	2.0	100	0
0.01773	0.27	0.4330	0.4325	1.23	0.67	2.18	2.18	0.0001	2.0	100	10
0.02129	0.49	0.2852	0.2871	1.21	1.07	2.59	2.59	0.0001	2.0	100	20
0.01963	0.37	0.3550	0.3544	1.22	0.84	2.34	2.34	0.0001	2.0	100	30
0.01968	0.42	0.3237	0.3223	1.23	0.92	2.42	2.42	0.0001	2.0	100	40
0.01271	1.00	0.1468	0.1453	1.20	1.84	3.37	3.37	0.000105	1.0	100	0
0.01280	1.00	0.1466	0.1451	1.22	1.88	3.41	3.41	0.000105	1.0	100	5
0.01231	1.00	0.1466	0.1450	1.28	1.92	3.51	3.51	0.000105	1.0	100	10
0.01336	1.00	0.1466	0.1450	1.22	1.86	3.40	3.40	0.000105	1.0	100	15
0.01283	1.00	0.1466	0.1450	1.22	1.87	3.43	3.43	0.000105	1.0	100	20
0.01678	0.52	0.2705	0.2718	1.22	1.06	2.58	2.58	0.000105	2.0	100	0
0.01806	0.37	0.3508	0.3520	1.23	0.83	2.33	2.33	0.000105	2.0	100	10
0.01946	0.35	0.3782	0.3777	1.20	0.82	2.30	2.30	0.000105	2.0	100	20
0.01366	0.59	0.1835	0.1847	1.22	1.10	2.63	2.63	0.00011	1.0	100	0
0.01281	1.00	0.1467	0.1452	1.21	1.85	3.38	3.38	0.00011	1.0	100	5
0.01279	1.00	0.1466	0.1451	1.22	1.87	3.41	3.41	0.00011	1.0	100	10
0.01307	1.00	0.1466	0.1451	1.21	1.87	3.43	3.43	0.00011	1.0	100	15
0.01362	1.00	0.1466	0.1451	1.20	1.85	3.39	3.39	0.00011	1.0	100	20
0.01790	0.50	0.2845	0.2746	1.22	1.19	2.70	2.70	0.00011	2.0	100	0
0.01838	0.34	0.3666	0.3497	1.23	0.78	2.30	2.30	0.00011	2.0	100	10
0.01998	0.31	0.4170	0.3770	1.23	0.75	2.25	2.25	0.00011	2.0	100	20
0.02220	0.31	0.3931	0.3877	1.25	0.70	2.27	2.27	0.00011	2.0	100	30
0.02139	0.16	0.5701	0.5650	1.26	0.44	1.97	1.97	0.00011	2.0	100	40
0.01337	0.40	0.2386	0.2403	1.21	0.81	2.30	2.30	0.000115	1.0	100	0
0.01492	0.35	0.3442	0.3429	1.22	0.80	2.28	2.28	0.000115	1.0	100	5
0.01568	0.47	0.2842	0.2864	1.22	0.97	2.48	2.48	0.000115	1.0	100	10
0.01931	0.36	0.3364	0.3357	1.22	0.82	2.31	2.31	0.000115	1.0	100	15
0.01951	0.34	0.3615	0.3614	1.22	0.79	2.29	2.29	0.000115	1.0	100	20
0.01916	0.21	0.5037	0.4955	1.23	0.56	2.06	2.06	0.000115	2.0	100	0
0.02035	0.30	0.4452	0.3983	1.26	1.00	2.56	2.56	0.000115	2.0	100	10
0.01814	0.45	0.2998	0.3052	1.23	0.97	2.49	2.49	0.000115	2.0	100	20
0.01883	0.27	0.4640	0.4590	1.27	0.74	2.29	2.29	0.000115	2.0	100	30
0.01323	0.34	0.2190	0.2220	1.24	0.70	2.21	2.21	0.00012	1.0	100	0
0.01544	0.32	0.3647	0.3597	1.26	0.77	2.30	2.30	0.00012	1.0	100	5
0.01643	0.44	0.3011	0.3021	1.26	0.96	2.54	2.54	0.00012	1.0	100	10
0.01698	0.48	0.2765	0.2773	1.22	0.99	2.50	2.50	0.00012	1.0	100	15
0.01722	0.42	0.3107	0.3115	1.21	0.89	2.42	2.42	0.00012	1.0	100	20
0.01567	0.59	0.2379	0.2400	1.22	1.18	2.70	2.70	0.00012	2.0	100	0
0.01786	0.21	0.4771	0.4576	1.24	0.62	2.16	2.16	0.00012	2.0	100	10
0.01752	0.25	0.4443	0.4390	1.22	0.63	2.12	2.12	0.00012	2.0	100	20
0.01774	0.29	0.4145	0.4161	1.26	0.68	2.21	2.21	0.00012	2.0	100	30
0.01837	0.30	0.4097	0.4100	1.24	0.69	2.24	2.24	0.00012	2.0	100	40
0.01451	0.19	0.3248	0.3264	1.24	0.54	2.09	2.09	0.00016	1.0	100	0
0.02118	0.09	0.5681	0.5417	1.22	0.29	1.76	1.76	0.00016	1.0	100	5
0.01907	0.30	0.4008	0.3582	1.23	0.98	2.50	2.50	0.00016	1.0	100	10
0.01849	0.26	0.4306	0.4357	1.24	0.63	2.14	2.14	0.00016	1.0	100	15
0.01753	0.32	0.3846	0.3880	1.26	0.76	2.30	2.30	0.00016	1.0	100	20
0.01926	0.21	0.4831	0.4504	1.24	0.60	2.12	2.12	0.00016	2.0	100	0
0.01736	0.28	0.4372	0.4298	1.23	0.72	2.22	2.22	0.00016	2.0	100	10
0.01686	0.37	0.3705	0.3485	1.27	1.02	2.57	2.57	0.00016	2.0	100	20
0.01550	0.24	0.4980	0.4748	1.25	0.63	2.17	2.17	0.00016	2.0	100	30
0.01635	0.31	0.4248	0.4144	1.21	0.78	2.32	2.32	0.00016	2.0	100	40
0.01533	0.18	0.3343	0.3341	1.22	0.50	1.99	1.99	0.0002	1.0	100	0
0.02232	0.10	0.5312	0.5248	1.26	0.34	1.88	1.88	0.0002	1.0	100	5
0.01867	0.18	0.4901	0.4843	1.24	0.52	2.03	2.03	0.0002	1.0	100	10
0.01780	0.08	0.6722	0.6694	1.23	0.23	1.76	1.76	0.0002	1.0	100	15
0.01805	0.17	0.5576	0.5572	1.23	0.44	1.92	1.92	0.0002	1.0	100	20
0.01735	0.11	0.6661	0.6476	1.29	0.35	1.91	1.91	0.0002	2.0	100	0
0.01638	0.05	0.8667	0.8602	1.24	0.17	1.68	1.68	0.0002	2.0	100	10
0.01750	0.07	0.8203	0.8196	1.24	0.21	1.71	1.71	0.0002	2.0	100	20
0.01616	0.11	0.7889	0.7729	1.24	0.29	1.82	1.82	0.0002	2.0	100	30
0.01418	0.11	0.7694	0.7456	1.25	0.36	1.89	1.89	0.0002	2.0	100	40
0.01691	0.08	0.3139	0.3329	1.24	0.31	1.80	1.80	0.00025	1.0	100	0
0.01757	0.09	0.5445	0.5319	1.23	0.32	1.89	1.89	0.00025	1.0	100	5
0.01736	0.12	0.5700	0.5590	1.24	0.42	1.97	1.97	0.00025	1.0	100	10
0.01585	0.08	0.7106	0.6881	1.25	0.27	1.80	1.80	0.00025	1.0	100	15
0.01657	0.09	0.7083	0.6909	1.25	0.28	1.79	1.79	0.00025	1.0	100	20
0.01790	0.19	0.5838	0.5583	1.23	0.58	2.07	2.07	0.00025	2.0	100	0
0.01674	0.20	0.5650	0.5545	1.23	0.57	2.07	2.07	0.00025	2.0	100	10
0.01765	0.05	0.3251	0.3508	1.24	0.22	1.72	1.72	0.0003	1.0	100	0
0.01837	0.09	0.5476	0.5383	1.23	0.32	1.82	1.82	0.0003	1.0	100	5
0.01578	0.11	0.7065	0.6951	1.25	0.30	1.80	1.80	0.0003	1.0	100	10
0.01756	0.10	0.7826	0.7734	1.23	0.26	1.75	1.75	0.0003	1.0	100	15
0.01764	0.08	0.8548	0.8369	1.22	0.23	1.69	1.69	0.0003	1.0	100	20
0.01654	0.08	0.8809	0.8672	1.23	0.24	1.73	1.73	0.0003	2.0	100	0
0.01534	0.11	0.8118	0.8051	1.22	0.29	1.77	1.77	0.0003	2.0	100	10
0.01614	0.10	0.8595	0.8517	1.24	0.26	1.76	1.76	0.0003	2.0	100	20
0.01490	0.13	0.7765	0.7686	1.23	0.36	1.88	1.88	0.0003	2.0	100	30
0.01909	0.03	0.1651	0.1726	1.25	0.14	1.70	1.70	0.00035	1.0	100	0
0.01617	0.08	0.6286	0.6157	1.29	0.28	1.87	1.87	0.00035	1.0	100	5
0.01693	0.05	0.7807	0.7749	1.22	0.19	1.67	1.67	0.00035	1.0	100	10
0.01533	0.04	0.8264	0.8047	1.22	0.18	1.65	1.65	0.00035	1.0	100	15
0.01515	0.12	0.6889	0.6709	1.22	0.37	1.83	1.83	0.00035	1.0	100	20
0.01656	0.04	0.9414	0.9463	1.24	0.17	1.66	1.66	0.00035	2.0	100	0
0.01591	0.03	0.9307	0.9313	1.21	0.13	1.61	1.61	0.00035	2.0	100	10
0.01425	0.09	0.8227	0.8117	1.22	0.28	1.77	1.77	0.00035	2.0	100	20
0.01615	0.07	0.8709	0.8697	1.23	0.22	1.73	1.73	0.00035	2.0	100	30
0.01571	0.05	0.9402	0.9480	1.23	0.17	1.66	1.66	0.00035	2.0	100	40
0.01867	0.05	0.3504	0.3629	1.24	0.21	1.70	1.70	0.0004	1.0	100	0
0.01679	0.04	0.5902	0.5747	1.24	0.21	1.71	1.71	0.0004	1.0	100	5
0.01616	0.03	0.8081	0.8024	1.24	0.14	1.63	1.63	0.0004	1.0	100	10
0.01524	0.04	0.8337	0.8216	1.24	0.18	1.72	1.72	0.0004	1.0	100	15
0.01495	0.05	0.8352	0.8275	1.23	0.20	1.68	1.68	0.0004	1.0	100	20
0.01766	0.03	0.9326	0.9249	1.23	0.16	1.64	1.64	0.0004	2.0	100	0
0.01626	0.05	0.9409	0.9391	1.24	0.17	1.66	1.66	0.0004	2.0	100	10
0.01711	0.03	0.9639	0.9708	1.24	0.15	1.66	1.66	0.0004	2.0	100	20
0.01624	0.06	0.9425	0.9495	1.23	0.19	1.69	1.69	0.0004	2.0	100	30
0.01606	0.09	0.8765	0.8874	1.23	0.25	1.73	1.73	0.0004	2.0	100	40
