0.01055	1.00	0.1466	0.1451	0.02	0.69	1.03	1.03	8.5e-05	2.0	100	-1
0.01103	0.88	0.1489	0.1473	0.02	0.64	0.97	0.97	8.5e-05	1.0	100	-1
0.01055	1.00	0.1466	0.1451	0.01	0.69	1.03	1.03	9.5e-05	2.0	100	-1
0.01105	0.88	0.1492	0.1475	0.02	0.64	1.04	1.04	9.5e-05	1.0	100	-1
0.01055	1.00	0.1466	0.1451	0.01	0.69	1.10	1.10	0.0001	2.0	100	-1
0.01113	0.87	0.1492	0.1476	0.02	0.62	0.96	0.96	0.0001	1.0	100	-1
0.01055	1.00	0.1466	0.1451	0.01	0.68	1.02	1.02	0.000105	2.0	100	-1
0.01104	0.88	0.1489	0.1473	0.02	0.62	0.96	0.96	0.000105	1.0	100	-1
0.01056	1.00	0.1466	0.1451	0.01	0.68	1.01	1.01	0.00011	2.0	100	-1
0.01108	0.87	0.1491	0.1475	0.02	0.62	0.95	0.95	0.00011	1.0	100	-1
0.01055	1.00	0.1466	0.1451	0.01	0.67	1.01	1.01	0.000115	2.0	100	-1
0.01107	0.87	0.1493	0.1476	0.02	0.62	0.95	0.95	0.000115	1.0	100	-1
0.01056	1.00	0.1466	0.1450	0.02	0.69	1.03	1.03	0.00012	2.0	100	-1
0.01112	0.88	0.1490	0.1475	0.02	0.63	0.96	0.96	0.00012	1.0	100	-1
0.01055	1.00	0.1466	0.1451	0.01	0.70	1.07	1.07	0.00016	2.0	100	-1
0.01119	0.83	0.1505	0.1487	0.02	0.60	0.94	0.94	0.00016	1.0	100	-1
0.01055	1.00	0.1466	0.1450	0.01	0.65	0.97	0.97	0.0002	2.0	100	-1
0.01217	0.67	0.1545	0.1530	0.02	0.50	0.82	0.82	0.0002	1.0	100	-1
0.01055	1.00	0.1466	0.1450	0.01	0.69	1.02	1.02	0.00025	2.0	100	-1
0.01229	0.66	0.1545	0.1530	0.02	0.49	0.81	0.81	0.00025	1.0	100	-1
0.01055	1.00	0.1466	0.1450	0.01	0.67	1.01	1.01	0.0003	2.0	100	-1
0.0139	0.03	0.1469	0.1453	0.02	0.38	0.70	0.70	0.0003	1.0	100	-1
0.01357	0.02	0.4085	0.4053	0.02	0.08	0.37	0.37	0.00035	1.0	100	-1
0.01055	1.00	0.1466	0.1451	0.02	0.71	1.08	1.08	0.0004	2.0	100	-1
0.01347	0.02	0.3992	0.3998	0.02	0.08	0.37	0.37	0.0004	1.0	100	-1
0.01397	0.50	0.1470	0.1454	0.02	0.38	0.69	0.69	0.00035	1.0	100	-1
0.01397	0.50	0.1470	0.1454	0.02	0.40	0.72	0.72	0.0004	1.0	100	-1
0.01357	0.02	0.4085	0.4053	0.02	0.08	0.37	0.37	0.00035	1.0	100	-1
0.01347	0.02	0.3992	0.3998	0.02	0.08	0.36	0.36	0.0004	1.0	100	-1
0.01357	0.02	0.4085	0.4053	0.02	0.08	0.36	0.36	0.00035	1.0	100	-1
0.01347	0.02	0.3992	0.3998	0.02	0.09	0.37	0.37	0.0004	1.0	100	-1
0.01357	0.02	0.4085	0.4053	0.02	0.07	0.35	0.35	0.00035	1.0	100	-1
0.01347	0.02	0.3992	0.3998	0.02	0.08	0.37	0.37	0.0004	1.0	100	-1
0.01103	0.88	0.1489	0.1473	0.02	0.62	1.46	1.46	8.5e-05	1.0	100	-1
0.01055	1.00	0.1466	0.1451	0.02	0.69	1.02	1.02	8.5e-05	2.0	100	-1
0.01105	0.88	0.1492	0.1475	0.01	0.58	0.90	0.90	9.5e-05	1.0	100	-1
0.01055	1.00	0.1466	0.1451	0.02	0.69	1.07	1.07	9.5e-05	2.0	100	-1
0.01382	0.28	0.2041	0.2053	0.02	0.25	0.55	0.55	0.0001	0.1	100	-1
0.01113	0.87	0.1492	0.1476	0.02	0.65	0.98	0.98	0.0001	1.0	100	-1
0.01055	1.00	0.1466	0.1451	0.01	0.67	1.01	1.01	0.0001	2.0	100	-1
0.01104	0.88	0.1489	0.1473	0.02	0.64	1.58	1.58	0.000105	1.0	100	-1
0.01055	1.00	0.1466	0.1451	0.02	0.70	1.04	1.04	0.000105	2.0	100	-1
0.01108	0.87	0.1491	0.1475	0.02	0.62	0.96	0.96	0.00011	1.0	100	-1
0.01056	1.00	0.1466	0.1451	0.02	1.18	1.51	1.51	0.00011	2.0	100	-1
0.01107	0.87	0.1493	0.1476	0.02	0.62	0.96	0.96	0.000115	1.0	100	-1
0.01055	1.00	0.1466	0.1451	0.02	1.18	1.52	1.52	0.000115	2.0	100	-1
0.01112	0.88	0.1490	0.1475	0.02	0.63	0.98	0.98	0.00012	1.0	100	-1
0.01056	1.00	0.1466	0.1450	0.02	1.19	1.52	1.52	0.00012	2.0	100	-1
0.01119	0.83	0.1505	0.1487	0.02	0.60	0.94	0.94	0.00016	1.0	100	-1
0.01055	1.00	0.1466	0.1451	0.02	1.18	1.51	1.51	0.00016	2.0	100	-1
0.01459	0.16	0.2461	0.2509	0.02	0.17	0.46	0.46	0.0002	0.1	100	-1
0.01560	0.13	0.2549	0.2598	0.02	0.15	0.44	0.44	0.0002	0.4	100	-1
0.01217	0.67	0.1545	0.1530	0.02	0.50	0.89	0.89	0.0002	1.0	100	-1
0.01055	1.00	0.1466	0.1450	0.02	0.71	1.11	1.11	0.0002	2.0	100	-1
0.01590	0.20	0.1949	0.1953	0.02	0.20	0.50	0.50	0.00025	0.1	100	-1
0.01382	0.15	0.2962	0.2989	0.02	0.17	0.46	0.46	0.00025	0.4	100	-1
0.01229	0.66	0.1545	0.1530	0.02	0.49	0.81	0.81	0.00025	1.0	100	-1
0.01055	1.00	0.1466	0.1450	0.01	0.68	1.02	1.02	0.00025	2.0	100	-1
0.01370	0.03	0.3731	0.3744	0.02	0.09	0.40	0.40	0.00027	1.0	100	-1
0.01335	0.04	0.3729	0.3787	0.02	0.10	0.39	0.39	0.00028	1.0	100	-1
0.01246	0.18	0.2468	0.2478	0.02	0.18	0.46	0.46	0.0003	0.1	100	-1
0.01367	0.11	0.2285	0.2315	0.02	0.13	0.42	0.42	0.0003	0.4	100	-1
0.01404	0.50	0.1469	0.1453	0.02	0.39	0.70	0.70	0.0003	1.0	100	-1
0.01055	1.00	0.1466	0.1450	0.02	0.69	1.06	1.06	0.0003	2.0	100	-1
0.01357	0.02	0.4085	0.4053	0.02	0.08	0.37	0.37	0.00035	1.0	100	-1
0.01436	0.04	0.3102	0.3231	0.02	0.09	0.38	0.38	0.0004	0.1	100	-1
0.01344	0.03	0.3815	0.3807	0.02	0.09	0.38	0.38	0.0004	0.4	100	-1
0.01347	0.02	0.3992	0.3998	0.02	0.08	0.37	0.37	0.0004	1.0	100	-1
0.01055	1.00	0.1466	0.1451	0.02	0.73	1.12	1.12	0.0004	2.0	100	-1
